m,n,misprediction_rate
7,0,169742
8.49
7,1,554166
27.71
7,2,579675
28.98
7,3,599693
29.98
7,4,615177
30.76
7,5,638009
31.90
7,6,664406
33.22
7,7,676757
33.84
8,0,169671
8.48
8,1,465325
23.27
8,2,503567
25.18
8,3,519131
25.96
8,4,531458
26.57
8,5,547006
27.35
8,6,556476
27.82
8,7,591769
29.59
8,8,611232
30.56
9,0,169651
8.48
9,1,376634
18.83
9,2,404948
20.25
9,3,433345
21.67
9,4,448594
22.43
9,5,468306
23.42
9,6,482866
24.14
9,7,496805
24.84
9,8,521585
26.08
9,9,535800
26.79
10,0,169629
8.48
10,1,315900
15.79
10,2,327851
16.39
10,3,349065
17.45
10,4,359849
17.99
10,5,362190
18.11
10,6,387262
19.36
10,7,407972
20.40
10,8,422021
21.10
10,9,438182
21.91
10,10,455390
22.77
11,0,169632
8.48
11,1,272891
13.64
11,2,274296
13.71
11,3,285883
14.29
11,4,289768
14.49
11,5,293362
14.67
11,6,302761
15.14
11,7,315564
15.78
11,8,329365
16.47
11,9,345512
17.28
11,10,366769
18.34
11,11,378673
18.93
12,0,169611
8.48
12,1,240766
12.04
12,2,243917
12.20
12,3,241853
12.09
12,4,244675
12.23
12,5,250051
12.50
12,6,249123
12.46
12,7,253953
12.70
12,8,260043
13.00
12,9,274794
13.74
12,10,286523
14.33
12,11,296541
14.83
12,12,308098
15.40
13,0,169614
8.48
13,1,228843
11.44
13,2,222102
11.11
13,3,215766
10.79
13,4,211351
10.57
13,5,212862
10.64
13,6,211873
10.59
13,7,211218
10.56
13,8,219904
11.00
13,9,226033
11.30
13,10,233535
11.68
13,11,242622
12.13
13,12,253554
12.68
13,13,257469
12.87
14,0,169614
8.48
14,1,215174
10.76
14,2,208474
10.42
14,3,200857
10.04
14,4,193749
9.69
14,5,188290
9.41
14,6,181578
9.08
14,7,183176
9.16
14,8,186773
9.34
14,9,191331
9.57
14,10,196660
9.83
14,11,201892
10.09
14,12,209513
10.48
14,13,217921
10.90
14,14,222673
11.13
15,0,169614
8.48
15,1,211508
10.58
15,2,202548
10.13
15,3,192889
9.64
15,4,182655
9.13
15,5,174972
8.75
15,6,166079
8.30
15,7,164059
8.20
15,8,164321
8.22
15,9,164589
8.23
15,10,169199
8.46
15,11,175063
8.75
15,12,180288
9.01
15,13,184080
9.20
15,14,189624
9.48
15,15,197053
9.85
16,0,169615
8.48
16,1,210313
10.52
16,2,198515
9.93
16,3,186781
9.34
16,4,175470
8.77
16,5,168323
8.42
16,6,157787
7.89
16,7,151597
7.58
16,8,151306
7.57
16,9,149814
7.49
16,10,152164
7.61
16,11,154380
7.72
16,12,157281
7.86
16,13,161645
8.08
16,14,166826
8.34
16,15,171193
8.56
16,16,174928
8.75
17,0,169614
8.48
17,1,208725
10.44
17,2,197396
9.87
17,3,184345
9.22
17,4,172018
8.60
17,5,163117
8.16
17,6,151176
7.56
17,7,146079
7.30
17,8,142535
7.13
17,9,140896
7.04
17,10,142283
7.11
17,11,140619
7.03
17,12,143145
7.16
17,13,146044
7.30
17,14,147663
7.38
17,15,150921
7.55
17,16,154843
7.74
17,17,160319
8.02
18,0,169614
8.48
18,1,208523
10.43
18,2,196366
9.82
18,3,183510
9.18
18,4,170384
8.52
18,5,161148
8.06
18,6,149083
7.45
18,7,142313
7.12
18,8,138107
6.91
18,9,135295
6.76
18,10,134694
6.73
18,11,135050
6.75
18,12,135527
6.78
18,13,136237
6.81
18,14,138091
6.90
18,15,139733
6.99
18,16,143071
7.15
18,17,146023
7.30
18,18,149733
7.49
19,0,169614
8.48
19,1,208376
10.42
19,2,196238
9.81
19,3,182650
9.13
19,4,170072
8.50
19,5,159778
7.99
19,6,147698
7.38
19,7,140919
7.05
19,8,135761
6.79
19,9,132241
6.61
19,10,130905
6.55
19,11,129920
6.50
19,12,129472
6.47
19,13,129962
6.50
19,14,131054
6.55
19,15,133269
6.66
19,16,135629
6.78
19,17,137917
6.90
19,18,140254
7.01
19,19,143501
7.18
20,0,169614
8.48
20,1,208325
10.42
20,2,196051
9.80
20,3,182425
9.12
20,4,169127
8.46
20,5,159240
7.96
20,6,146620
7.33
20,7,139362
6.97
20,8,134386
6.72
20,9,130523
6.53
20,10,128880
6.44
20,11,127430
6.37
20,12,127376
6.37
20,13,127925
6.40
20,14,127820
6.39
20,15,128996
6.45
20,16,131218
6.56
20,17,132964
6.65
20,18,135743
6.79
20,19,138114
6.91
20,20,140722
7.04
